THRESH_BINARY   
1.jpg: 39       2                       37                      94
10.jpg: 60      0                       60                      33
11.jpg: 68      2                       66                      15
12.jpg: 14      0                       14                      49
18.jpg: 21      0                       21                      13
21.jpg: 14      0                       14                      16
29.jpg: 359     2                      357                      41
34.jpg: 92      0                       92                     118
51.jpg: 495     0                      495                      43
57.jpg: 52      0                       52                      50

THRESH_BINARY_INV
1.jpg: 5379     28                    5351                     68
10.jpg: 1547    4                     1543                     29
11.jpg: 1152    6                     1146                     17
12.jpg: 115     5                      110                     44
18.jpg: 3857    1                     3856                     12
21.jpg: 3420    0                     3420                     16
29.jpg: 1670    7                     1663                     34
34.jpg: 1962    80                    1882                     38
51.jpg: 1658    6                     1652                     37
57.jpg: 491     31                     460                     19

THRESH_TRUNC
1.jpg: 1         0                       1                      96
10.jpg: 1        0                       1                      33
11.jpg: 1        0                       1                      17
12.jpg: 1        0                       1                      49
18.jpg: 1        0                       1                      13
21.jpg: 1        0                       1                      16
29.jpg: 1        0                       1                      41
34.jpg: 1        0                       1                     118
51.jpg: 1        0                       1                      43
57.jpg: 1        0                       1                      50

mean_c                  
  1.jpg: 7672           85                      7587                    11
  10.jpg: 4365           6                      4359                    27
  11.jpg: 1997           6                      1991                    11
  12.jpg: 1238           4                      1234                    45
  18.jpg: 1149           2                      1147                    11
  21.jpg: 6966           4                      6962                    12
  29.jpg: 24726         41                     24685                     0
  34.jpg: 18607        118                     18489                     0
  51.jpg: 30347         51                     30396                     0
  57.jpg: 10011         50                      9996                     0

gaussian_c
  1.jpg: 9703           20                      9683                    61
  10.jpg: 5091           7                      5084                    26
  11.jpg: 2527           8                      2519                     9
  12.jpg: 1087           2                      1085                    47
  18.jpg: 971            1                       970                    12
  21.jpg: 8764           2                      8762                    14
  29.jpg: 25874          5                      25869                   36
  34.jpg: 19819         30                     19789                    88
  51.jpg: 31163          3                      31160                   48
  57.jpg: 10470         20                     10450                    30

mean_c_blur
  1.jpg: 6825           80                      6745                    16
  10.jpg: 1971           5                      1966                    28
  11.jpg: 1258           6                      1252                    11
  12.jpg: 252            5                       247                    44
  18.jpg: 354            3                       351                    10
  21.jpg: 4225           2                      4223                    14
  29.jpg: 3636          39                      3597                     2
  34.jpg: 3910         102                      3808                    16
  51.jpg: 3845          20                      3825                    23
  57.jpg: 1360          49                      1311                     1

HSV
  1.jpg: 179        93                     86                      3
  10.jpg: 86        33                     53                      0
  11.jpg: 28        15                     13                      0
  12.jpg: 203        3                     200                    46
  18.jpg: 1169       4                    1165                     9
  21.jpg: 2534       7                    2527                     9
  29.jpg: 52        35                     17                      6
  34.jpg: 169      118                     51                      0
  51.jpg: 58        40                     18                      3
  57.jpg: 47        44                      3                      6

LAB
  1.jpg: 352        88                    264                      8
  10.jpg: 162       32                    130                      1
  11.jpg: 48        15                     33                      2
  12.jpg: 2102       6                    2096                    43
  18.jpg: 2871       1                    2870                    12
  21.jpg: 2722       1                    2721                    15
  29.jpg: 90         9                     81                     32
  34.jpg: 444      100                    344                     18
  51.jpg: 119       33                     86                     10
  57.jpg: 94        35                     59                     15

YCrCb
  1.jpg: 167        84                     83                      12
  10.jpg: 104       26                     78                       7
  11.jpg: 17        11                      6                       6
  12.jpg: 1346       7                   1339                      42
  18.jpg: 931        0                    931                      13
  21.jpg: 3273       1                   3272                      15
  29.jpg: 49        10                     39                      31
  34.jpg: 99        53                     46                      65
  51.jpg: 55        10                     45                      33
  57.jpg: 36        17                     19                      33

CLAHE
1.jpg: 6511             26                      6485                    70
10.jpg: 3567             7                      3560                    26
11.jpg: 1646             7                      1639                    10
12.jpg: 346              3                       343                    46
18.jpg: 557              1                       556                    12
21.jpg: 4087             0                      4087                    16
29.jpg: 9654            10                      9644                    31
34.jpg: 7824           108                      7716                    10
51.jpg: 9708            20                      9688                    23
57.jpg: 1406            45                      1361                     5

MORFOLOGY
1.jpg: 1062         30                      1032                    66
10.jpg: 915         26                      889                      7
11.jpg: 577         10                      567                      7
12.jpg: 28           0                       28                     49
18.jpg: 2023         2                      2021                    11
21.jpg: 3756         0                      3756                    16
29.jpg: 86           5                       81                     36
34.jpg: 224         26                      198                     92
51.jpg: 132          2                      130                     41
57.jpg: 63           1                       62                     49






